0 1
2 3
4 5
6 7
8 9
7 10
11 12 13
14 15
16 17 18
7 19
20 1
21 22 23 10
24 25
26 27 24
28 29 30
31 32 33
34 3 34 35
36 37
38 21 39
40 41 42
12 5 43 44 45 46
7 47
36 37
48 49
50 1
51 52
53 54 55
30 56 57 23
23 30 58
23 59
23 60 61 62
23 63
64 23
55 65
66 67 68
30 69
66 70
71 72
23 73
73 23
23 74
73 23
73 23
23 75 73
73 76
16 66
23 73
73 77
23 78
79 73
66 73
80 81 23 74 23 82 83
56 73
84 85
86 23 87
66 73
88 89
90 91
30 92 21 93 94 95
71 96 97
98 73
99 73
100 88 101
73 76
102 103 104
105 106
107 22 108 109 110
104 111
112 113 114
115 23 116
117 73
118 119 120
121 63
122 123
111 124 27 36 125 126
71 127
128 77
129 130
111 131 132
133 133
134 135
111 136 81
111 136 137 138
111 139
57 135 140
135 141
71 142
135 111 135
143 144
145 130
146 147
111 67
111 148
72 136
111 133
53 149
85 135
150 151 152 153 154 107
155 156 155
71 157
111 158 135
53 111
111 111 137 135
159 138
160 161
162 138
111 163 21
111 135
66 164 165 166
85 67
111 135
123 136
167 168
160 161
169 170
71 21 171 136
21 71 21 154 172
173 174
175 176
175 176
71 177 178 179
180 181
182 183 111
184 179
185 22
21 186
187 136
188 189
190 191
192 193 111 137
71 21 171 136
194 195
196 197
71 198 199
178 136 200 201 202
203 200 204 205
206 71 22 207 70
179 208
71 209 136 210 22
71 209 211 136 210 22
198 212
213 214 215
216 217 198 218 219 220
214 22 221
222 223 224
216 105 225 71 179
23 73
123 194 226
160 161
71 227 228
229 36 230 231
71 16 232 233 234
36 235
236 119 237 238 239 142
240 217 69
241 242 22
243 67 244
245 246
247 248 249 250 231 251
69 69
160 161
243 236 119
231 231 36 252 163
253 254
67 68 255
256 257
71 30 214 203 258 259
260 261 262
243 263 264
241 21 265 209
229 71
266 267
21 268
264 264
71 269
71 270
76 271 70
66 272
273 274 275
66 276 277 278 279
280 281
85 156 282 275
16 243
143 283
284 85
285 286 287
111 23 30 288
16 71
289 290
66 287
291 71
291 289 290
253 284 85
253 284 71 85
71 253 284 292
23 293
294 295
296 66 297 298 299 300
23 298
301 253 302
303 203 304 305
111 306
71 76
23 307
23 298
308 3 116 309
310 311 312 313
314 251
203 315 316
317 85 10
318 319
85 320
304 305
76 321
306 322
323 324
71 325 253 287
169 319
323 326 327 328
329 330
331 332
333 323
334 335 323
112 85
28 304 336
337 338 339
337 333
340 341
342 343
344 345 346
347 337
348 349 350
295 247 351 352
247 287
28 353
247 351
354 16
341 355 340
356 357
358 359 344
340 341
51 348 287
253 360 361 362 363 364
340 341
365 76 69
366 367
368 10
369 56
370 18 371
372 169 178
85 73
340 373 374
85 10
306 295 375
376 253
85 377
378 379
380 381
112 382
383 85 384 73
320 157
385 386 387 388 389
390 391
387 392
111 387
372 85 393
306 387 394
395 396
397 398
397 253 398 195 195 195 195 195
253 399
400 401 190
253 402
403 404
405 253
240 354
63 406
407 408
372 85
407 409
372 410 76
407 411
398 412
372 413 414
372 85
415 104
416 16
372 417
111 66 16 418
85 419
372 85
372 420
372 410
85 284
66 30
16 190
16 421
422 423
422 423
241 424
425 426 354 427
372 428 429 430
431 432
433 434
372 85
435 56
436 76
437 56
372 23
16 71
437 438 439
437 440
435 441 10
441 442 443
444 445
446 76
437 447
441 448 437 449
450 359
436 451 452
441 442 453
16 71
441 442
56 438
436 454 455
456 457
436 76
458 459
437 460 461
462 437
437 76
463 464 465
36 253 56
253 56 287 466 467
453 468 469 470
441 56
445 56 471
472 437
473 287 474 26
475 253
437 476
477 323
71 411
437 478
135 124
71 411
479 480
35 481
426 68 68 482
426 483
426 484
51 485
426 471
426 486
487 488
426 471
3 481 489 35 481 490 35
487 491
16 426
488 492
426 493 494
35 481 3
35 481 495
426 496
51 426
426 497
498 499
426 500
501 426
295 502
503 426 504
426 505
21 506 507
426 481
426 508 509
501 426
426 510 511
512 27
513 512
512 514
515 516
512 517
512 518
512 133
512 519
516 520 521
512 522
36 523
524 512 525 526
527 528
160 161
111 529 530 531
21 532 533
534 184
535 536
226 537
538 10
21 18 539
540 541 542
21 441 543
544 10 182
545 103 178
546 547 163 548 549 234
21 441 543
550 17 551 178 531
552 553 533
554 555 556
557 558 559 560 249
561 562 560
560 563
564 565 566
567 481 568 569
481 570
571 572
85 18
67 573
574 575 576
577 578
579 580
35 581
582 583 572
486 21 584
175 176 332
585 586
112 67 587
588 589
30 590 591
592 23 593
594 595 596
580 438 531
381 54
20 597
157 145
598 599
112 67 600
598 599 42 21
498 601 600 602
112 573 346 471 603
604 605
23 606 607 608
609 610
611 612
23 251
22 613
572 67 614
35 581
424 111
615 616
424 35 581
617 532 618
619 581 66 620
621 547 622
623 624 625
295 626
616 616
627 628
627 628 629
604 630
124 20 631
18 632
626 626 287
398 633
30 634
635 157 157
617 163
112 67 471
636 597
571 637
175 176
332 21
638 35
112 68
639 640 641 642 643 644
615 645
645 646
647 648
644 649 650
2 2 3 580 2 35
651 67 568 652
653 654 655 656 28
112 572 123
657 658 67
284 659 573
660 119 20
647 597
661 662
663 664 35 665
209 22
332 35
332 666 667
30 209
660 668
21 506 507
573 669
670 507
671 672
119 673
674 675 676
426 677
678 679 680 591 234
21 681 288 678 549
651 510 21
682 21 426 683
426 684
685 686
21 687 522 688
426 689 690
426 365 691 692
21 239 693
112 694 426
695 696
182 271
426 493
697 698 247 426 699
426 700
51 426
426 701 115 54 688
24 426 679
702 426 703
426 21 694 510
483 426 486 704
426 678 151 705 656
486 706
21 426
51 502
700 707 365 708
709 426 710 711 712 234
682 713 714 715
323 21
716 717 718
719 720 721
426 722
426 723
724 694 725 726
21 681 727
502 728
426 729 730
731 732
733 734 735 736
121 737
426 699
426 679
738 739
426 48 740 741
426 493 742
681 743
426 426 744 745 746 747
681 748 211 749 750
731 732
426 679
151 681 548 751 751
731 732 752 753
426 21 681 754
755 756 426 757
758 510 54 694
481 759
760 426 761 762
731 732
510 21 36 669 426
755 763 764
35 765
766 767 768 21
426 769
151 770
771 426
772 35 773 774
426 493 426
737 775
776 777 778 426 778 779
426 510 728
780 781
269 426 679 426 726
776 777
426 741 365 782
783 764
647 597
21 681 529 784 785 786 245
426 787 699 679
504 426 788 789
22 790
79 152 772
791 60 700
792 21 549
22 54 743
792 426 741 793
604 794
426 795 796 760
604 597
604 797
604 798 799
604 597
129 197
778 332
800 801 320
580 799
124 802 803
604 597
804 604 647
805 66 799 741 806
66 799 806
807 808
238 568
809 810 135
36 240 811
812 42 813 814
815 816 817 818
819 22 549 820 35
112 800 821 822 823
112 573 369
824 825
744 826
827 828
829 107 679
36 830
770 611
22 101
805 21 831
22 21
21 24 2
832 18 833
834 268
21 768 22 36
187 30
835 135
836 837
151 588
30 23
30 158 838
617 839
840 841 842
151 588 843 844
845 30
85 67 600
23 604
111 846 847
604 848 24 849
580 850 851
852 30 175 176 332
847 100
853 823
66 699 854 855 23 22 23
856 857 21 157
858 859 860
861 129
862 863 21
30 864
112 67
605 865 866
243 867 67
805 151
66 868
869 870 871 119 67
872 27
873 24
549 47 609
854 874 875 876
30 877
111 111
878 879 207 573
880 881
573 882
30 883
884 10 264
676 67 600 192
475 885 35 886 284 696
160 161
123 10
887 888
320 157 157
238 889 890 891
892 893 894
21 895
112 716 626 896
160 161
147 111
67 897
160 161
898 676
899 900
901 902 42
499 135 192 903 111 176
904 93 141
123 905
676 573
898 112 710
192 22
906 129 907 107 22 908
21 909 176
889 890 891
135 281
910 911
112 67 600
894 912
913 626
281 67
21 914
915 911
916 917 918
919 920
21 112 67
921 922 730
36 923 924
158 925
926 119 119
175 176
58 927
112 600 20 626
137 27 928 22
768 123 929 930 931
22 613
498 119 932
933 22
339 934 935
936 178
67 937
836 837 21
820 938 939 940 3 941
116 116
942 176
79 943 944
945 946 947
768 21
405 948
11 949 950
119 951
111 111 111 111 111
21 549
819 676 67 494 952 953 20
954 54 21 955
956 957 318
119 958
660 112 67
112 67
57 959 22 665 35
960 254
756 961
962 741 550
151 963 964 965
724 966 187 932
53 967 281 968 969
970 971 972 973
24 136
974 975 976
601 93
251 977 978
979 890 980 980
67 937
981 967
982 983
984 985
986 987
988 71 759 123
573 989 990 573
51 960
660 676 67 600
984 985
991 977 992
268 151
243 119 993 959 119 994 287 995
27 996
107 997 998 136 53 54 999
119 67 600 116 1000
1001 107
243 67 119
151 1002 1003
1004 573
115 1005 22
1006 1007 47
701 1008
216 1009 573
166 287
471 1010 1011
67 244
348 1012 35 1013 3
1014 1015
1016 1017 18 81 119 506
1018 166
607 119 958 1019 1020
1018 166
24 21 1021
157 768
1022 22 1023
568 68
895 1024 926 861 1025
1026 1027
1014 344
79 1028 957 1029 21 1030
805 21 1031 1032
1026 397
577 573
1024 21 873 1033 635
768 21
21 1034 85
597 1035
1026 1036
21 1021 1037
1038 1039
829 1040 622 1041
1042 1026 297
1024 1043 1044 1045
22 284 21 2 1046
1024 1047 905
1021 1048
21 21
1049 260 1050
1051 1024
577 1052 1053
261 1054
1055 21
1056 609
928 22
22 1057
1058 187 1059 22
24 1060 35 1061 1062
121 1063
1064 1039 1065
21 1066 1067
121 63 406
166 1068 254
189 166
1069 22
1070 1071 1072 574
1073 884
51 166
1074 1075 260 1074
121 63 406
701 254
121 1076 737 63 737
1055 356
1077 109
884 1078
121 1076 737
904 1079 1080 1081
121 63
1077 109 320
163 770
121 1082 1083
1084 1085
261 21 166
829 21 1086 87 1087
1082 1083
1088 1076 737
1089 1090
1091 30
111 207
306 1092
1089 1093
147 605
1094 273 1095
1096 571
23 175 176
1097 23
111 66
571 273
1098 124
1099 1100 1101
111 3 692
1102 1103 1104
23 471
1105 324
683 63
143 226
1098 178
111 111 111
1106 320
1107 3
111 1108 1109 1107 175 176
1110 3
1111 67 68
111 1112 1113
146 1114
74 1115
79 3 1116 1117
30 1110 1116 1118
23 130
36 1119
23 1120
1096 1096
284 1121
667 226
226 1122
66 1123 1124
111 1110 1125
1082 1083
1126 603
980 979
1110 580
683 1127 43
1128 406 1129
137 1076 737 226
1130 43
117 1122
1121 1131 1132
175 176
1133 1134 1135
1136 1137
36 240
1138 23 799 522 1139
1140 1141
1142 1143
68 1144
121 63
1145 1146 1116
1077 1147 109
1148 1149
1150 1151 1152
1153 1154 143
1155 1156 1157
1122 1158
1159 1160
701 1161 1162
1163 1164
1122 1158
701 778
867 861 1165
696 1155
1122 1166
66 54 184 68
701 254
23 494
1088 157 157
1167 1168
1169 1170
121 63
66 16 1116 1171
805 1172 1173 1174
1175 1176
701 1177
1178 1179
151 1086 175 176
701 1180 1181
30 1182
103 1183 1184
1185 1087
111 701
603 1186 532
1187 1188 35 1189
1190 1191 1192 1193
1194 101
1185 856 1163 1170 1195
1196 1196
768 1197 768 24
1198 1097
1199 1200 1201
1199 1202
1196 1203
701 1204
1102 1103 1104 1122
701 1204
1163 1205
23 556 1206 1207
1208 1156
1209 1210
111 112 1211 792 1212 3 580
1163 1213 580 1214 1203 1215
251 25 109 768
1216 1204
580 1217
1187 54 21 1218
111 1219
243 579 1220 580 1221
1222 1223
1224 1225
1226 1227 1228
601 1229 597
12 1230
701 1231 1169
701 1232 1233 21
203 344 1234
574 1235
701 1204 1236
701 1204 1237
152 1238
1239 19 1239 1240 1239 1241 175 176 1242
701 1243
203 1234
13 1244 35 547 475 1218
1245 1246 1247 203
701 268
701 1222
21 1248 1249
1234 1250
1251 1252
23 24
203 163 1234
1253 1254
103 1185
21 1255 192
21 1256
253 1257 789
1258 1259 1149
24 240
1234 1260 1261
1262 1263 1264 1265 1266 1267 1268
103 885 1184 35
1269 1270
111 1271 253
405 145
1272 1234
701 699 1273 103
253 1274
792 832 21 792 533
111 1275
600 1234
415 3
1276 1189 860
1277 597 19 1278
832 792 281 1186
1279 910
701 1280 1281
112 725
22 378 1282 1179 1283
36 1074
701 1284
701 1008
701 1204 1285
701 1286 1287
253 254
157 701 537 51
537 1288 157 157 157
218 701 1008
701 157
701 178
1289 1191 1290
157 157 157
701 1291 178
243 1292 136 395
1191 1192 1293 1294
1295 178 1296
701 1297
1298 1288
1299 1300
1191 1301 157
701 1286
511 1054 1302
701 1008 254
1303 1304
1305 1306
103 1307 1308 1199
701 1309
701 1204
16 701 1310
206 194 1311
701 1309
701 767 1312
1313 1054 1314 194 194
701 1309
1054 194
1315 1039
1316 281 1229
192 112 594
281 1317 1318 35 390
384 54
1008 1319
1298 701
1316 194
137 120 1320 231
136 1316
1107 1321 1322 1323
1316 281 812
1316 1324
683 1316
1054 1316 112 227 1325 1326
160 1327
1054 1314 1316
701 1204
101 1107
768 21
832 1316
21 1328
243 1329 194 1054
1330 180
701 905
568 21
3 1331
1277 1234
1191 1039
51 701
243 1054 194
175 163 3 1332 35
1191 1333
568 1334
1335 253 1336 1337
701 339
238 903
1338 1339
1340 562
551 1341 1342 1187
71 1343 194 701 1344 71 1345
21 792 1346
960 1347
136 1348 1349
136 1350
21 1351
136 1349
136 284
588 1352
1353 1169 194 1354 11 12 1355
1349 1356 608
21 699 1294
1357 1358
1359 1120
21 1360
21 21
794 794
701 136 1361 743 1362 794 960 557
960 438 1363
1349 136
21 354
136 354
1349 1364
136 1365 22 1366 1349
136 1349 354 1367 1368
1349 136 354
136 354
1349 354 960 1369
1357 1370
960 245 1371
21 1358 354
794 157
1294 21 1372
21 568 1373 1374
136 1349 136 1375 571 531 1376
13 1377 1378 960
151 699
136 699
1357 1379
1357 1380
1381 1186
21 794
1382 960
960 1383 169 960 245
960 1384
21 1360
36 1349 136 194 1385
805 799 1386 118
738 1349
1387 960
1388 1389 136 354
136 1347 1349 1390
1391 1347
960 1107
1392 23
960 1393
23 1394
1395 1396
21 1357
23 43
100 604
166 851
23 124 1397
1398 1399
1359 532
100 120
23 597
1400 1401
20 23
23 1402
100 597
23 799 1403
1404 23 1396
166 287
960 151 152 1405 1406 1407 1408
66 1409
856 1398 1410 1411
66 1412 1413
23 1163
23 546 1414
251 66 430
23 1086
1415 1416 597
405 36
1417 136 354
20 1418
1419 1420
100 1310
1418 147
1421 1422
100 100
23 1423 1424
100 797
716 66 1425
1426 1427 1421 1428
66 116
1429 1430
1431 61
1421 304 23 1432
30 1433 1434 1435 1436
23 67
23 67 254
1108 304 23 1421
1437 1438
568 1439
66 716
23 1440
1441 1442
1443 226
23 799
383 799 1444
66 1445
605 100 604
1446 1447
71 1448
131 132
1425 1043
1427 1005 1421
166 1449 605 1450
1040 1451
23 23
604 100
415 1452 11 1453
116 1454
79 1455 17 1456
116 116
1108 1421
1457 1458 1459
72 1144
116 1460
61 1461
1395 1211 1462
1463 1421
688 1415
23 799
23 797
116 20
1464 112 1465 1466 23 20
20 597
1467 1468
116 1469
1470 133
22 23
1239 1471
111 135
111 1200
1472 1473
42 1474 1475 23
1463 799 491 1476 1477
111 137 23
111 728 1478 23
1479 61
111 66
23 1480 1481
799 1482
143 854 1483 307 1484
1485 1485 61
133 133
61 332
30 605
23 1440
1463 1421
1486 20
17 1243
1376 1487
1488 3 77
928 1489
111 332 61
332 1485
1415 1088
66 1490 1491
1429 116
1492 1493
332 137
891 1494 890 157 157 157
111 1486 178 854
1415 23
66 854
1415 74 870
332 854
23 1396
1421 656
133 67
23 67
1495 1496
101 22 101 1497 101 66
1144 1498 130
792 30
261 1499 74 1500
1200 332
66 116
111 23
854 464
1144 17
34 66
1501 1502
17 264
1503 1504
854 1486 932 74 332
79 1144 72 1505
23 1506 1507
23 67 244
20 797
23 137
1508 1509
1510 1511
789 1144 1512
66 1513
1514 1515 1516 203
20 1025
23 854
483 1517 1518
3 580 369
17 1519
1508 1054
1520 1521
1522 1523
143 1486 1524 741 1525
27 1526 1527
1486 1528 273 381
1529 1530
23 23
1531 799 756
554 1532 799 1533
1440 1534 1484
1535 1536
1537 345 6
1415 74 156
17 166 1481 66 43 1538
1539 1486
1540 299 1541
1415 1542
1543 23
660 1424 1544 1545
1415 1546 74 157
1415 74 24 1547 240 854
102 1548 1549 608
66 1550
20 54 1551
1486 1552
1553 129
1554 1555
103 115 23
1556 1557
1558 1559 1560 66
1486 1561
22 54 1562
23 1563
1564 1565 1566 1415 1567
1568 1569 1570
1571 1572
1573 854
1024 1572
253 1011
1134 203 1574
23 1060 74 1575 1576 1577 324
17 1578
66 127 1579 1396
17 253
23 799
1580 17 21 120
1581 998
17 1582
253 1583
17 1584
21 71
1585 1586
21 253 1587
17 253
1588 997 1589
111 1486 1590 1591
1592 1593
712 1594 1595
607 1596 1597 1598
17 253 1227
17 253 71 1125
253 1599 407 354 1600
1227 21 253
253 429 1580
295 1601 381 1602 273 1603
1604 1605
17 1606 21
21 1607
1227 36 245
53 1608 295 1609
253 1599
1610 1611 1612
1613 1614
53 1615 23
21 588
1601 3
17 48 1616
71 21 1617 348
21 1054 1618
1619 1620 1621
17 1622
17 1623
1622 1622
1624 769 1625
17 365
17 1626 937
36 17 1626 1627 17 28
1628 66 17
36 17 1626 1627 1629
1622 36 245
36 17 253
71 1630 1631 365 481
17 241
71 18 1632
17 1633 21 1634
17 679 1635 1393
17 16 1636
1637 1574
1624 679
17 1638 1638 1639 1640
17 16 253 1641 21 1642
253 1081
17 1634 811 253
71 1643 48 48 1644
17 1622
1645 1646 18 1616 17 1647 1648
17 344 1649 1227
1650 956
17 18 1647
253 17 1320
1651 1652 1636
17 187
17 127 1314 743 68 694
17 245 87
1653 397
1654 1655 1636
253 397
17 21 253
1656 1508 1054 1604
17 365 53 1657
1658 17
175 176
17 365 1659 21 53 18 48 1660
365 1661 1107 17 1662 550
1663 18
1604 1389 1664 1624
1604 365
1665 1666
18 1647 365 833
17 231 759 1667
1668 1669
30 1670 1671
679 1624 1672 505
17 365
203 1673
17 21 1667
1674 1675 365 71 1676
17 1629
17 69
1677 1678
481 47 605
481 23
605 1679
1680 16 1681
111 679
332 1395
17 365 683
332 1072 98
23 1682
101 23
30 176
17 1683
17 166 1684
1685 1686 77 1687 1688
713 1689
915 66
1635 21 348 18
61 1690
1691 111
145 251 145 1692
166 133
407 1693 1694 1695 1696
66 1697
332 1485
1437 1698
111 23
23 1699 604
1700 20
34 407 1701
1702 1703
1704 1086 701
23 1513
17 60
66 287
143 67 1705
66 1418
23 1706
66 67 583 1707
1699 604
17 1072 93 1708 1709 928 1710
23 1618 1513
1711 1712
1713 130
23 20
66 1714 1715
1716 17 21
958 1717 1121 332
23 23 613
79 889 890
1718 958
1719 1720 1721
1722 898 1723 1724 1725
1349 1726 1727 1728 1729 1730
701 420
1731 1266
157 157 1732
34 30 1733
1734 1735 81 36 1736 245
119 792 66
1737 332
24 1738
1443 1739 1482
253 1599
833 48 1740
16 166 71 1741
36 1742
1599 253 203 54 1743
1599 203
253 253 203 54
240 794
253 354 407 323 332
253 1744 1544 794 1745
253 1599 407 354
1746 141 209
1747 1748 36 1749 1750
253 1751 1745 1544 1752
701 1753 1413 701 1754
1755 253 1604
698 1746 1756
768 973
1544 1757 1758
57 57 1054 1759
1571 1746 1760
1761 1762
30 1763
1575 1764 1184 1765 1766 1767
1764 1765 1766 1767 261 30 1763
1768 1769 1770 562
701 1771
1772 1773
1761 1762
683 1761 1762 1774
1761 1762
79 1086 1266
1760 1775
1761 1762
30 1776
1777 18
1761 1762
270 1778 209
701 1779 1780
701 295
1781 1782 1171
1783 1784
1761 1762
1785 1783 1786
390 1384 71 756
1787 1788
1789 1783 1790
1730 1791 759 1792 1793
1794 1795 1789 1796
1761 1762
1797 1054 1798 1799
203 253 1800 608
701 1801
1802 1039
1802 1333
1803 397
683 21 1804 622
1805 1806 1807 135
1802 1039
1808 701 1809 1810
397 1811
701 35 94 159
194 1387
71 339 264 701
1054 1812 68
1805 1813
701 660 1814 332
1815 1816 1817
1191 1191
1818 136 21 112 1819
1191 332
1206 1820
1821 243 35 87
1822 1823 1824
1802 660 1191
1191 1039
1825 1826 79
270 348 57 1827 959
701 1828 18 1522 1829 1355
1830 390 194 903 1387 245
71 545
194 1218 673
1831 1832 1833 1834
194 811 1387 1835 1814
1816 1817
1836 1834
558 1837
253 420
1838 1839
268 1840
16 701 1286
16 190
701 1841
1842 1843
843 701 1844 151 152 1845 16 71 332
916 1846 241 151 102
1847 1848
157 811 1849
843 1850 701 926 1851 1852
390 1853
1854 1855
253 16
253 1856 382
16 253
1857 57
253 119 1858
1853 741 550
1859 580
1860 1861 1862 1863 1864
1234 1865
1859 1866
147 19 1351 21
1867 889 1868 1869 1870
1867 889 1868 1869 1871
1872 1873
1867 889 1868
1874 1875
253 420
35 245
1867 889 1876 1877 1878 253 699 1879
1880 597
1867 889 1868 1869 1876 1877 1878
1881 1881
151 152 261 1882 163 1229
1883 1242
1884 1885 768 36
551 1885 780
1169 597 1886 243
36 1074 1887
36 1888 1747 1748
1867 889
36 1889
36 240
253 1890 1816 84 1891 407
1884 1885 768 36
959 203
792 21 1892
53 261 1893 1894
770 1895
241 1896
1897 203 203 1898 1899
768 1086 36 1086
151 1900 768 251
910 240
107 245
1626 957
1901 660 1902 103 19
1903 203 1904
203 1517 1905
654 1906 57
1907 1908 1876 794
1086 36 245
751 19 1909 1910 57
1853 21 1911 1030 22
679 622
57 1912 102
1913 151 696
71 1914
36 18 1915
36 18 1915
21 825
1916 1917
36 1918
1585 254
36 1919 42
805 11 1920
744 768 1294
36 1921 1922
123 1923 234
696 1924
588 1925
1836 699 270 1926 1927 405
1928 1929 197
1930 57 24 1931
660 842
57 102 1932
768 1294 21
1933 597
121 67 244
1934 696
1935 3 1936
203 1187 11 1920
268 1937 1938
1939 1940
1527 696
21 54 1941
21 1294
907 54 348 1604
768 21 884 67 1942 1943
511 268 1944
71 250 1945
295 1508
1946 1939
1939 584
1947 1186 1948 1949 1923
768 21
16 53
475 1939 1950
67 176
1951 930 1952
533 264
884 67 600
1953 1954 339
1955 549 1956
1086 1957
547 1958 1959
21 1960
1934 696
1086 1961 1962
756 1963 21 35
1964 696
1965 21
332 1966
67 176
22 1965 1967
1939 22 1968 1969
241 151 1970 57
151 1971 1972 1238 1973 1974
829 1853 11 1853
1975 888 1976
1977 351 1978 1979
21 268
1329 36 1980
1981 18 1915
1238 1982
903 1721
1805 1983
1186 1320
71 1618
1984 501
888 1985
22 541 42
1824 1986 660
1237 339 54
6 1987
21 1988
1838 53
696 1924
1149 768
1989 16 1990
1991 886
21 1992 1906 268
1987 1987
1329 1054 1993
1994 1995 1169
295 1996
1997 597
1014 1091
22 21 54 1998 1853
1984 1211 176
1999 2000
2001 2002 2003 2004 81 2005 2006 1568 2007
2008 1585 2009 58
203 743 151 2010 60
2011 2012 1014
2013 696
1021 696 2014
696 2015
67 937 21
151 2016 696 2017
1014 56
151 2016 696 2017
888 2018
111 158 135
111 120
2019 1376
2020 711
21 1659 136 2021 701
1350 108
1014 2022 2023 71 725 147
696 24 696 949
2024 71
21 2003
383 2025 2026 2027
137 2028
1014 910 1814
2029 2030 2029
1014 1305
2031 226
475 1187 163
2032 354
2033 354
21 159 2034
2035 2036
2037 2038 354
1014 2039 268 21
2040 111
21 354 2041 36
71 405 768
21 1014 199 2042
2043 603 1824 260 2044
21 54 2003
2045 68
2046 57 102 1844 2047
2048 2049
21 968 36 2035
1847 2041
1343 2050
2051 113
884 67 937 405 768
136 390
21 2052
2053 21
2054 2055 1387
2056 1824
2057 2058
2059 187 2060
333 21 2061 16 768
1391 2062 743
2063 2064
71 27
2065 2066 1929 1211 93
2067 2058
588 348
1014 859
588 21
194 2029 11 2029
551 2068
588 60
136 2055
884 67
67 600
21 2069 351
53 2070 2071
1014 2072 2073
268 2074
57 157
982 805 1317
67 176
855 1014 2075
17 2064
268 896
268 896
285 2076 2077
2078 712 1783
2071 203 1232 2079 2080 1604
805 2081
2082 1838 151 2071 1217
51 884 51 884
2083 931
2084 622
1984 600
2083 2085 18 2086 1984
1984 926
1984 1647
1984 2087 108 1390 57
18 1915
1984 2088
57 2089 21 1051
2090 1838
1944 21
2091 1431 2092 1392
2093 2049
123 2094 157
2095 1216
2087 2096 2097 21 1999 268
2098 998 2099 988
451 1618 1007 2100
438 21
268 904
1986 345
568 16 1937
711 1329 1649 344
21 588
1837 2101 1007 2102
2103 1079
738 568 35 245
21 1317 769 2104
568 2105
71 1913 660
1850 1850 1893
60 176
111 1267
2106 2107 1293
2108 2109
151 2045
1999 2110
2111 2112
190 2113
21 2114 2115 2116 2117
151 2108 1014
222 2118 2119 568 35 1940
2120 111 1091
1604 2121 2122
2123 74
588 36
481 187 1267
21 2124
71 1683
568 2125 1117 2126 1626 1424 166 2127
1839 2128
21 199 1640 756
21 2129
1585 320 270
1553 16 1828
381 1602
71 2130 1014 2131 469 1847 1223
1317 2132
194 1125 2133
2003 2134 2135
2081 270
2136 103 194 2137
2138 2139
2140 11
2141 2142 2142 2000 2143
344 1585
71 1824
53 2144 1216 1014
1571 2145 2035
21 885 2146
2147 102
21 756
2148 406
2149 222
71 562
1747 1748 36 2150
253 2151
1747 1748 36 2150
2152 71 757
1747 1748 36 2150
588 2153 943 588
1747 1748 36 2150
71 1107
21 805 1351
1747 36
829 1139 805 2154 269
270 2155
71 2156
1944 21 16
588 21
2083 2157
2083 2157
253 1599 1349
71 1923
1389 284 696
71 2158
71 2159
2097 2160
107 2161 1014 2162
1748 36
36 1139
36 240
1897 71 2163 2052 2052
744 10 692
2164 2165
71 2156
295 2166
2167 2168 2169 2170 2171 2172
2173 2174
71 264
81 61
2175 339 692
2167 369
111 2167 2176 56
28 2177
1642 2178
2179 884 2180
2181 104
2167 2182
2167 295 2183
241 264
2184 2185
365 67 238 602
121 63
71 1058
994 2186
898 595 122
112 573
115 348 2187 2188 210
1935 112 870
2167 2189
1119 103 2190 2191 345 870 2192
195 209
243 67
696 1924
71 2193 763
243 119 716
2194 2195
133 133
190 2196
1320 23
71 384 287
111 1294 21 115
2083 931
121 63 556 2197
2198 2083 931 768
345 870
660 2199
112 135
6 192 2200
2201 236 119
1789 2202 56
1935 284 696
1025 2203 2204
71 67
253 2205 1232
2206 16
111 6 323
438 2207
2208 194 562
111 35 2209
121 1585 2096 353
21 1134 888
1713 323
71 226
135 35 2210
71 184 2211 820 2212
111 1435 157 176
774 2213
111 137
1329 600
895 21
2214 2215
768 21
71 2216 332
2083 931
157 27 21 597
861 176
438 2207
35 2217 136
2083 931
1789 420
696 2218 2219 660 35
2220 2221
35 2222 295 1179 2223
2224 175 176
119 237
1232 1232 35 2225 1051
1789 2226
67 176
71 2227
768 123 888
85 67 600 1130
53 2228
2083 931
36 2229
119 68
35 2230
2231 135
2232 1935 2233
3 696 35 136
2234 696 2235 1607
792 882
53 1216 938
622 2236
79 2237 887
67 2238 2239
21 792 914
2167 2240
119 2241 2126 1373 141 67 2242
85 67
1789 16 2243
281 2244
112 2245 509 236 119
2246 2247
2248 2249 2248 2250 2251
768 123
1789 1626
295 193
2252 1987
21 712
574 792 2253
2254 2255
16 1789
136 201
209 1351
1986 1986
2167 163
2256 270
2257 21 2258 792
19 2259
71 133 2260 2261 2083 931
355 2262
270 245 2263
2264 713
2264 21
1867 2265 2266
2267 2167
102 1781 1844 574 2268
1186 1186
1789 420
2269 1789 2270
597 270
36 240 2271
253 18
1267 1604
1266 24
151 152
1610 1572 390 701
243 67
959 295 2272 2273 251
2274 253 18 2275
1163 2256
21 1965
2276 1267
355 1572 2277 2278 2180 355 2279
907 1572
1068 1125 2280
665 35 1574
16 1789
1789 2281
1789 1305
1789 494
660 1789
79 2282 2283
1789 743 133
1789 2284
1186 1186 1186 147
1572 2277 22 2285 2286
1789 701 1604 2287
1789 2288
1068 184
16 1789
1587 21 2289
1789 71 562 701 1923 136
209 701 2290
1789 497
2291 2292
79 2222 2293
253 2151 66
1789 1305
1789 1305
2294 163
1572 1572
111 1186
1789 2284
1789 2295 2296 669 701
2297 2298
926 2299
547 622 1205 2300
676 696
21 696
79 279 2301 768 21
3 2302
2303 3
284 696 1392
54 2304 1997 2305
2306 2307 2277
1019 16 1789
601 2222
2308 1329
35 136 3 1935 2309
415 1169
112 1238 805 451
696 2014 194
768 21
2310 277 1997
701 2035 743
2311 133 2301
2312 1997
2313 1853 2314 2315
405 35 2259
111 147
3 696 1924
2316 35 2317
405 35
696 2318
21 24 1572
819 885 780 1923
648 2319 2320 2321 2322
1277 35
35 1277
696 2014
405 35 2323
390 405 1277
3 2324 3 833
253 21 102
982 983 588
3 42
2036 22
2325 1331 3 1331
2326 1700 355
3 2327
2328 2329
1045 1935
2241 36 193
405 35
107 882
887 909 2330
571 2331
1789 2189
2264 617 1277 2332 2333 2334
36 2164 926 2335 2336
295 2337 270
1935 1935
676 118 119 903
2338 1169 2339
2340 636 35
696 2341
2342 2343 2344
151 588
547 622
1949 960 1949
1937 2345
1949 547 35 1277
882 390 405
1949 1949
21 1294
660 2346 119 67 2090
1949 157 2347
588 1949
1277 501
1391 1783
151 2348
829 2349 2350 597
820 1292 3 696 2351 35
960 69
1186 576
151 588 501
2352 1938 2353
1949 111
960 18 2354 2355
2356 772
1427 665 35 665
1783 1949 245
21 1949 2357
3 3 2358
588 2359
3 696
21 136
1033 696
253 18
284 696
1937 2345
1949 107 1086 19
215 261 1949
1997 1572
1949 22 3 696
2014 696
568 2360
36 2361
1949 151
102 54 1186 2362
111 137 1949 2363 111
71 136
1086 2364 22 2365
1949 2357
21 54 2366
1024 35 2367
1353 2368 67 2369
21 1783 791 2370 102
3 696
926 2371 102 1186 19 2372
768 21
960 151 1949 960 187 2126
960 151 429 2373
3 2050
108 187 1311
216 956 245 710 833
1949 1358 3
884 67 2374
216 2375
2376 2377
278 1572 2378
3 1021
35 2379 54 1186
568 2360 1051
696 2380
884 600
268 2381
2381 254
1585 2382 22
716 600 281 2383 1402
71 270
104 253 2384 2021 2385 2386
1635 1009 2387
1267 460 2388
1267 254
2389 2390
1267 270
21 2391 2392
3 201
1329 1267 2165 68
51 1267
2393 2394
1267 2395
79 16 701 1201
16 2396 1993
1267 2397 701 2398
1585 1300 2399
2081 759 701 21 21 2073 701 136
21 805 1351 1883
111 2381 2400
2401 572 833
431 432
1585 2402
701 1204 2403 2404 2401
2401 2405
2401 2406 1020
121 63
464 2401 2407 2403 2404 133
2282 2408 157
1267 1791
1585 1124
1278 1278 2409
2410 1791
2411 2412
2413 1389 2414
2415 2416
2417 1747
701 2079
2418 2419
1747 1704
295 2420
1747 600
79 2421
1267 2422
1585 2417
51 1822
600 2127
1789 2423 1789 36 2424
2425 2426
2427 2035
339 1608 2428
51 1822
2038 625
2420 189
1585 2429 488 675
1585 2430
51 1585
1789 2431 102 2432 1822 2433 2434
1267 1623
1789 1068 2435
36 2436 1789 546
1747 2437
250 1300
2081 1604
1585 1125
1789 1585 284 270 1789 2438
2439 1408
867 2324 16
284 696
1267 2440 1592 1091
1585 699
469 1267
21 1827
1585 1911 1626
16 2081
71 1789 2441
1979 2442 2443
1585 2444 2445
701 71 21 1054
701 1204 756
1585 2035
2081 2446
1585 505
1267 2447 2448
622 22
1585 1125
24 2449
1718 471
696 194
2450 2451
201 111
2452 2453 2454 2441
2450 1088
24 2455
1935 2456
36 348 2457 135
1267 1304
1585 1309
1822 545 1215
111 1088 696
111 22
247 2458 622
111 2459 194
856 2457
1267 497
696 2460
201 1251 2461
111 696
1267 1789 2462
696 1096
111 2420 1408 16 2463
2464 2464
2389 2457 1527
1086 295
867 419 1585 1383 1405
51 1585
696 35 111
2465 2466 1924
1267 1773
562 598 1791 2467 408
51 2420
1267 2468 1899
1060 245
1585 1304
1777 2469 2470
189 545
1267 2471
1267 1623
2472 2473
2420 2127 2420 2474 971
1267 1823
2420 2156
364 2475
51 1267
2450 886
1585 2035
1267 420
2476 2035
22 2477 1103
916 1846 1390 2478
51 1585
51 51
16 2381
1626 254
2184 2050
1267 1158 2479
24 2480
1267 2035
35 1608 2481
1267 2482
22 2483
1267 133
151 268
2484 905
2485 1585
157 1267 2486
2487 1186 2488
459 805 354
112 35
2489 2490
2491 2489 2490
1047 905 2489 2490
111 2492 135 1008
905 21 111
2493 522 151
16 579
2 103 281 175 176
1771 2490
111 2490
2494 2490 609
30 1234
1234 30
905 832
1265 93 21
546 209 2290 35
21 24 24 2495
887 133
209 19
887 67 176
768 887
21 2496 2497 701
10 2498 768
209 19
21 701 2499 2500
905 2490 21
2167 2501
25 2502 568 1020
2167 76
1789 1789 136
24 3
63 406
2052 2503
2167 2504
546 2
2505 71 701 11 622
284 696 2506 284 2507 1347
1585 2030 21
1789 254
30 66 2508
121 1626 63
884 716 137
1789 2509 2510
2511 1777
1789 189
71 10
2512 1789
121 2513
1789 133
71 21 1266 348
2511 107 1777
2514 270
1789 1304
2511 21
30 2398
71 2511
71 245 184
363 2515
2511 701 1789 344
2516 471
2517 2517 348 348 2425
111 51 1789 71
30 1200
464 1789 420
71 184
71 287
1777 136 54
2518 1777
111 189
1789 494
2519 36
1789 1913
115 184
1789 2520
133 133
2222 1626 1068
189 696 2521 1924
115 756 2522 2523
1854 133
2524 424
486 545
699 23 696
2525 68
111 1789 1626
111 2526 651 115
71 71 2527
1789 1626
348 2528 21
71 545
253 2524
1789 505
53 2529 2530
115 2531
2532 284
2532 284
669 1789
2533 541
1777 2534
363 184
1266 348
2535 1755
53 1462
2536 2537 2538
1913 21
2539 2540
332 1585 2541 71 701
151 1266 348
2542 35 201
54 2543 201
137 251
2544 2545
245 2546 2547
1789 2548
111 1402
21 1789 2035
2525 2525
137 20 281
696 1008 147
1789 189
189 2081
111 3 2549 2550 1008
3 3 497 3 1527 2551
2552 2553
157 157 2554 157 157
2555 2556 2557
2558 251 2559
2352 27
1001 2560
2525 2561
438 398
2562 2563
71 398
111 820 2564
261 915
147 2565
111 137
1044 597
253 471
2167 115
2175 339
71 1287 157
2264 1924
2566 833
253 2167 2567 2568
2456 903 81 2456
339 2569
253 76
21 2570
2571 176
71 500
79 2572
2524 405
2525 2156 21 1294
1406 71 1068
2167 2573 2574 803
2167 2575 2576
71 297 1626
194 3 11 2577 35 1932
660 2578 2579 2580 2581
251 71
111 320
16 71
1833 1574
332 115
1833 769 2094 16 2582
71 2583 2584
115 2156 2585
71 603 2586
2587 102 21 18
2588 1789
53 2589
23 2590 2591
1309 157 71
115 1309
190 226
190 2592
71 1309
71 500
2593 2594
968 903 2470
71 1285
2595 2596 2597 261
71 1309 600
16 190 16
157 71
743 756
71 1931
768 884 2598
51 71
190 1309
71 2599
51 71 2600
71 651
190 226
53 1517
71 2589
1309 71
51 53
51 363
247 352
2601 1304
71 600
71 1309
115 1309
2572 71
16 71
51 71
352 2602
51 71
71 71 562
51 71
251 51 71 2603 222
2604 1304
21 352
1304 2409
1789 2548
2605 2606
21 683 1923
884 2607
253 2167 1106 833
253 2052
2525 2608
2609 1853 2491
71 505
2610 18
222 1304
112 67
2611 509 2612 157
16 71
339 163
71 2613
2167 805 2614
241 1134 2615
2525 2616 505
2520 16 71
16 71 1019 21 2617
119 572
71 1462 2618 21
960 545
71 2600
884 67
51 861
71 572
960 572
381 456 2619
339 517
253 2620
1304 1304
884 67 244 911
71 1676 184
2621 71 71 133
2622 2623
2624 2625
241 2626
7 23
51 363
51 17
163 918 115 51
2627 2628
2629 254
2167 816 2630
17 287
2631 1304
819 66 209
51 17 17 2632
111 17 1630 23
768 17
17 112
934 471
1128 2633 2634 743
53 2348
2635 2636
17 287
23 2637 1594 2638
36 240 2639
23 2640 17
111 23
23 605
17 2641
116 1469
2642 2643
2644 108
17 108
20 23
960 254 17 108
23 2645
251 17
2646 23
17 1243
17 2647
2648 2649
16 17
1686 2650
1548 1418
51 17
2651 2632 133
23 2652 2653
2654 17 2655
2656 23
197 17 2632 5
17 287
1395 2657 1024
1121 67 68
103 17 743 2456 2658 2230
1133 2659 369 2660 2661
23 2662
416 23
20 23
23 73
121 737
1944 17 166
2663 2664 2665
2640 23
23 2501 163
17 2632
23 699 1611 1424
17 1647 744
17 2666 1574
1437 124 2667
166 2668
111 23 2669
2572 744 2670
16 17
17 306 1176
17 1647 17 108 2668
166 2668
143 854 23 2671
23 23 2501
2672 17 958 2673
2644 1134 2674 108
79 21 22 2016 696 21
1797 701 71
2675 2676
1392 1133 597 1522
2677 54 2678
66 2668 2679 405 2680 117 67
17 18 2668
66 295 2681 2682
17 2683 2684 23
17 2685
23 2686
2687 2688
17 2689 2690
23 135 79
16 2691
166 287
343 471
17 2692 2693
124 17
1421 2694
17 2695 1641 2672
2696 343
5 2697
16 166 17
851 851 35
332 63
2698 2699
805 23 268
